Webots Project File version R2023b
perspectives: 000000ff00000000fd0000000200000001000000990000077efc0200000001fb0000001400540065007800740045006400690074006f0072010000001e0000077e0000004600ffffff000000030000077c0000003efc0100000001fb0000001a0043006f006e0073006f006c00650041006c006c0041006c006c01000000000000077c0000006900ffffff000006e10000077e00000001000000020000000100000008fc00000000
simulationViewPerspectives: 000000ff00000001000000020000013e00000ca40100000002010000000101
sceneTreePerspectives: 000000ff000000010000000300000026000000c0000000000100000002010000000201
maximizedDockId: -1
centralWidgetVisible: 1
orthographicViewHeight: 1
textFiles: -1
consoles: Console:All:All
renderingDevicePerspectives: vehicle:camera;1;2.90625;0;0
renderingDevicePerspectives: vehicle:display_image;1;2.52;0.274579;0.00269081
